{"default_fov": 75.0, "default_time": 0.0, "default_transition_sec": 2.0, "keyframes": [{"matrix": [0.018730686814453668, 0.39064060235155745, -0.9203526938983073, -1.8523923991440086, -0.9998245652970621, 0.007318250654785863, -0.017241862889342208, -0.03470266993843195, -2.7755575615628914e-16, 0.9205141840307332, 0.3907091462945727, 0.7863796756073591, 0.0, 0.0, 0.0, 1.0], "fov": 75.0, "aspect": 1.3333333333333333, "override_transition_enabled": false, "override_transition_sec": null, "render_time": 0.0, "override_time_enabled": false}, {"matrix": [0.9901476906099828, 0.12822931537663845, -0.05625649702706734, -0.11322736184324209, -0.14002696447369645, 0.9067250794580205, -0.39779653027914724, -0.8006444420496323, 2.498001805406602e-16, 0.40175474229918545, 0.9157473052322431, 1.8431231407212656, 0.0, 0.0, 0.0, 1.0], "fov": 75.0, "aspect": 1.3333333333333333, "override_transition_enabled": false, "override_transition_sec": null, "render_time": 0.0, "override_time_enabled": false}], "camera_type": "perspective", "render_height": 480, "render_width": 640, "fps": 24.0, "seconds": 4.0, "is_cycle": true, "smoothness_value": 0.0, "camera_path": [{"camera_to_world": [0.018730686814453668, 0.39064060235155745, -0.9203526938983073, -1.8523923991440086, -0.9998245652970621, 0.007318250654785863, -0.017241862889342208, -0.03470266993843195, -2.7755575615628914e-16, 0.9205141840307332, 0.3907091462945727, 0.7863796756073591, 0.0, 0.0, 0.0, 1.0], "fov": 75.0, "aspect": 1.3333333333333333, "render_time": 0.0}, {"camera_to_world": [0.020449966210004278, 0.3913522711468744, -0.9200136948710019, -1.8501593132490366, -0.9997906449534413, 0.008632539263984107, -0.01855115978686006, -0.035686138287316045, 0.0006820158293807665, 0.9202004559518753, 0.3914468747101826, 0.7877365329934827, 0.0, 0.0, 0.0, 1.0], "fov": 75.0, "aspect": 1.3333333333333333, "render_time": 0.0}, {"camera_to_world": [0.025513678556456587, 0.3934326128060465, -0.9189993641929932, -1.8435858632201765, -0.9996708764022977, 0.01250715701395666, -0.022398881590173003, -0.03858113666642558, 0.0026816188357333126, 0.9192683776808794, 0.3936222284327753, 0.7917306624822126, 0.0, 0.0, 0.0, 1.0], "fov": 75.0, "aspect": 1.3333333333333333, "render_time": 0.0}, {"camera_to_world": [0.033783911043449244, 0.396780001737474, -0.9172918170221616, -1.8328607605415097, -0.9994116376145248, 0.018847188092698475, -0.028655926117516772, -0.0433045550744464, 0.0059182729966127945, 0.9177202262793432, 0.39718328303508554, 0.7982474000690876, 0.0, 0.0, 0.0, 1.0], "fov": 75.0, "aspect": 1.3333333333333333, "render_time": 0.0}, {"camera_to_world": [0.045125627791435696, 0.40126948727353234, -0.9148477885963682, -1.8181727166971187, -0.9989282363395668, 0.02756570132454006, -0.0371821294980349, -0.04977328351006436, 0.010298366858448815, 0.9155451549179442, 0.4020833407968131, 0.8071720817496466, 0.0, 0.0, 0.0, 1.0], "fov": 75.0, "aspect": 1.3333333333333333, "render_time": 0.0}, {"camera_to_world": [0.05940450069194603, 0.40675608975795174, -0.9116033066758598, -1.7997104431710849, -0.998110258419803, 0.03858110225903533, -0.047826881412359135, -0.05790421197196531, 0.015716785125927724, 0.9127217440125436, 0.40827931697798064, 0.8183900435194286, 0.0, 0.0, 0.0, 1.0], "fov": 75.0, "aspect": 1.3333333333333333, "render_time": 0.0}, {"camera_to_world": [0.0764845304452213, 0.41307786643908573, -0.9074782602689206, -1.7776626514474914, -0.996826738902286, 0.05181435870634332, -0.060429503069975465, -0.06761423045883508, 0.022058313897662607, 0.9092205169759333, 0.41573005941116276, 0.8317866213739723, 0.0, 0.0, 0.0, 1.0], "fov": 75.0, "aspect": 1.3333333333333333, "render_time": 0.0}, {"camera_to_world": [0.0962256207191945, 0.4200588353436775, -0.9023808535019562, -1.7522180530104194, -0.9949311789636109, 0.06718621937186575, -0.0748195232048065, -0.07882022896935956, 0.02919895620197349, 0.9050064015111874, 0.4243946679454003, 0.8472471513088167, 0.0, 0.0, 0.0, 1.0], "fov": 75.0, "aspect": 1.3333333333333333, "render_time": 0.0}, {"camera_to_world": [0.11848124753322486, 0.427511831583682, -0.8962119324350333, -1.723565359343952, -0.9922664256181314, 0.08461453053118828, -0.09081696875586809, -0.09143909750222456, 0.03700722326774031, 0.9000411185490097, 0.4342308721717738, 0.8646569693195003, 0.0, 0.0, 0.0, 1.0], "fov": 75.0, "aspect": 1.3333333333333333, "render_time": 0.0}, {"camera_to_world": [0.14309634672031857, 0.43524135473926895, -0.888869168483205, -1.6918932819321704, -0.9886694216399673, 0.10401174282156811, -0.10823276800171261, -0.10538772605611597, 0.045345454782049766, 0.8942854804143618, 0.44519351887764863, 0.8839014114015624, 0.0, 0.0, 0.0, 1.0], "fov": 75.0, "aspect": 1.3333333333333333, "render_time": 0.0}, {"camera_to_world": [0.16990552402272463, 0.44304644891116546, -0.8802510761219038, -1.6573905322591571, -0.9839758215035399, 0.12528268847385826, -0.12686934485996287, -0.1205830046297196, 0.0540712086326664, 0.8877015782772768, 0.45723321436771663, 0.9048658135505416, 0.0, 0.0, 0.0, 1.0], "fov": 75.0, "aspect": 1.3333333333333333, "render_time": 0.0}, {"camera_to_world": [0.19873167447335693, 0.45072363948693345, -0.8702608358237597, -1.6202458218089941, -0.9780244566754965, 0.1483226980158615, -0.14652146394946947, -0.13694182322172133, 0.06303874765266049, 0.8802548369994616, 0.4702951607591085, 0.9274355117619768, 0.0, 0.0, 0.0, 1.0], "fov": 75.0, "aspect": 1.3333333333333333, "render_time": 0.0}, {"camera_to_world": [0.22938507977148304, 0.4580699332888077, -0.8588098866425663, -1.5806478620657638, -0.9706616213586936, 0.1730161141088259, -0.16697736696928095, -0.15438107183080702, 0.0721006379967788, 0.87191591364963, 0.48431821927838775, 0.951495842031407, 0.0, 0.0, 0.0, 1.0], "fov": 75.0, "aspect": 1.3333333333333333, "render_time": 0.0}, {"camera_to_world": [0.2616630340870998, 0.4648858721834044, -0.8458212473310237, -1.538785364513548, -0.9617451387349643, 0.199235248338699, -0.1880202221546428, -0.17281764045566245, 0.08110946129766605, 0.8626624146580704, 0.49923422721635385, 0.9769321403543708, 0.0, 0.0, 0.0, 1.0], "fov": 75.0, "aspect": 1.3333333333333333, "render_time": 0.0}, {"camera_to_world": [0.295350030003414, 0.47097861500969185, -0.8312325210075306, -1.494847040636429, -0.9511481586692335, 0.2268398142330973, -0.20942989027075481, -0.1921684190949736, 0.08991963098850553, 0.852480406157377, 0.5149675883787684, 1.0036297427264074, 0.0, 0.0, 0.0, 1.0], "fov": 75.0, "aspect": 1.3333333333333333, "render_time": 0.0}, {"camera_to_world": [0.33021851718164913, 0.4761650093477659, -0.8149985366754933, -1.449021601918489, -0.9387626313618604, 0.2556768564332446, -0.2309849931120424, -0.21235029774742617, 0.09838929245049538, 0.8413656927622235, 0.5314351495468047, 1.0314739851430552, 0.0, 0.0, 0.0, 1.0], "fov": 75.0, "aspect": 1.3333333333333333, "render_time": 0.0}, {"camera_to_world": [0.3660302270212563, 0.4802746036764737, -0.7970935816892355, -1.4014977598438096, -0.9245023980460659, 0.2855811818913563, -0.2524652541571017, -0.23328016641170612, 0.10638227725444421, 0.8293248420329289, 0.5485463676602154, 1.0603502035998535, 0.0, 0.0, 0.0, 1.0], "fov": 75.0, "aspect": 1.3333333333333333, "render_time": 0.0}, {"camera_to_world": [0.40253803745023664, 0.4831525422487223, -0.7775131827334558, -1.3524642258964739, -0.9083058398289668, 0.3163762844039052, -0.2736540662942439, -0.2548749150864993, 0.11377007400150096, 0.8163759352071664, 0.566203764272472, 1.0901437340923408, 0.0, 0.0, 0.0, 1.0], "fov": 75.0, "aspect": 1.3333333333333333, "render_time": 0.0}, {"camera_to_world": [0.43948833348913946, 0.4846622798536635, -0.7562753990538023, -1.3021097115605629, -0.8901380292951273, 0.3478757390671598, -0.29434122879927, -0.2770514337704914, 0.12043377237936964, 0.8025490294402744, 0.5843036554865524, 1.1207399126160562, 0.0, 0.0, 0.0, 1.0], "fov": 75.0, "aspect": 1.3333333333333333, "render_time": 0.0}, {"camera_to_world": [0.4766238019427389, 0.48468805172903584, -0.7334216003996338, -1.2506229283201595, -0.8699923364751564, 0.3798850287853912, -0.3143257854189192, -0.2997266124623685, 0.1262659332367475, 0.7878863226480288, 0.6027371373061554, 1.1520240751665383, 0.0, 0.0, 0.0, 1.0], "fov": 75.0, "aspect": 1.3333333333333333, "render_time": 0.0}, {"camera_to_world": [0.5136865830777428, 0.4831370353032266, -0.709016713120588, -1.1981925876593453, -0.8478914509933605, 0.4122037512687747, -0.33341888784579066, -0.3228173411608164, 0.13117233587264882, 0.7724420188974439, 0.6213912984129679, 1.1838815577393262, 0.0, 0.0, 0.0, 1.0], "fov": 75.0, "aspect": 1.3333333333333333, "render_time": 0.0}, {"camera_to_world": [0.5504216890299147, 0.47994114511668823, -0.6831489306655891, -1.1450074010622027, -0.823887795242557, 0.4446281425492009, -0.35144660434211916, -0.34624050986452076, 0.13507355439098545, 0.7562818998742, 0.6401506251085411, 1.2161976963299588, 0.0, 0.0, 0.0, 1.0], "fov": 75.0, "aspect": 1.3333333333333333, "render_time": 0.0}, {"camera_to_world": [0.586580588485684, 0.4750584099867924, -0.65592889882411, -1.091256080012814, -0.7980633187346259, 0.47695384242952465, -0.36825259195555854, -0.36991300857216763, 0.13790631784680352, 0.7394826159501877, 0.6588985568396728, 1.2488578269339747, 0.0, 0.0, 0.0, 1.0], "fov": 75.0, "aspect": 1.3333333333333333, "render_time": 0.0}, {"camera_to_world": [0.6219248503462578, 0.468473891891595, -0.6274884007993513, -1.0371273359952604, -0.7705286806611844, 0.5089788189304505, -0.38370055272138803, -0.39375172728244284, 0.13962461387706626, 0.722130718427146, 0.6775191456361762, 1.281747285546913, 0.0, 0.0, 0.0, 1.0], "fov": 75.0, "aspect": 1.3333333333333333, "render_time": 0.0}, {"camera_to_world": [0.6562297359228072, 0.46020011868243593, -0.5979785819369744, -0.9828098804936254, -0.7414218453985032, 0.5405063630938854, -0.3976763993763007, -0.41767355599403216, 0.14020050234061568, 0.7043214622739341, 0.6958987691638392, 1.3147514081643124, 0.0, 0.0, 0.0, 1.0], "fov": 75.0, "aspect": 1.3333333333333333, "render_time": 0.0}, {"camera_to_world": [0.6892876298901245, 0.45027701701165457, -0.5675677679639155, -0.92849242499199, -0.7109061333819922, 0.5713480627178216, -0.4100900641913404, -0.44159538470562165, 0.13962461387706654, 0.6861574157434128, 0.7139278451076142, 1.3477555307817117, 0.0, 0.0, 0.0, 1.0], "fov": 75.0, "aspect": 1.3333333333333333, "render_time": 0.0}, {"camera_to_world": [0.7209112047296253, 0.43877134711783095, -0.5364389432579296, -0.874363680974437, -0.6791677866280295, 0.6013266638801344, -0.42087689520045063, -0.4654341034158966, 0.13790631784680377, 0.6677469193153882, 0.7315024943516903, 1.38064498939465, 0.0, 0.0, 0.0, 1.0], "fov": 75.0, "aspect": 1.3333333333333333, "render_time": 0.0}, {"camera_to_world": [0.7509362215259422, 0.42577565663556205, -0.5047869663698707, -0.8206123599250482, -0.6464131234006055, 0.6302787324571119, -0.429998596867164, -0.4891066021235436, 0.13507355439098578, 0.6492024411759496, 0.7485261019332412, 1.413305119998666, 0.0, 0.0, 0.0, 1.0], "fov": 75.0, "aspect": 1.3333333333333333, "render_time": 0.0}, {"camera_to_world": [0.779223881373424, 0.4114067856644427, -0.4728156082518715, -0.7674271733279052, -0.61286536939123, 0.6580570341081259, -0.43744368650349497, -0.5125297708272482, 0.131172335872649, 0.6306388796847751, 0.7649107279491149, 1.4456212585892985, 0.0, 0.0, 0.0, 1.0], "fov": 75.0, "aspect": 1.3333333333333333, "render_time": 0.0}, {"camera_to_world": [0.805662655768002, 0.3958039692395618, -0.44073450402147774, -0.7149968326670916, -0.5787612627022503, 0.6845325600883561, -0.443227452866108, -0.5356204995256957, 0.1262659332367477, 0.612171864849316, 0.7805783253401057, 1.4774787411620864, 0.0, 0.0, 0.0, 1.0], "fov": 75.0, "aspect": 1.3333333333333333, "render_time": 0.0}, {"camera_to_world": [0.8301695405406264, 0.3791265954475522, -0.40875611137072104, -0.6635100494266879, -0.5443475364406818, 0.7095961373454249, -0.4473914185983161, -0.558295678217573, 0.12043377237936975, 0.593916110649308, 0.7954617275404726, 1.5087629037125685, 0.0, 0.0, 0.0, 1.0], "fov": 75.0, "aspect": 1.3333333333333333, "render_time": 0.0}, {"camera_to_world": [0.8526906953662466, 0.36155168717064456, -0.37709276781700174, -0.6131555350907769, -0.5098773855521734, 0.7331595741256959, -0.45000232284990316, -0.5804721969015649, 0.1137700740015013, 0.5759838681524757, 0.8095053760722064, 1.539359082236284, 0.0, 0.0, 0.0, 1.0], "fov": 75.0, "aspect": 1.3333333333333333, "render_time": 0.0}, {"camera_to_world": [0.8732014488347324, 0.34327118237262977, -0.34595393494715587, -0.5641220011434406, -0.4756070235384279, 0.7551563061574895, -0.45115065380811903, -0.6020669455763582, 0.10638227725444463, 0.55848352582961, 0.822665765948168, 1.5691526127287714, 0.0, 0.0, 0.0, 1.0], "fov": 75.0, "aspect": 1.3333333333333333, "render_time": 0.0}, {"camera_to_world": [0.8917056666613699, 0.32448909165313855, -0.31554371082644483, -0.5165981590687615, -0.44179242996580737, 0.7755415227445838, -0.4509487723942926, -0.6229968142406382, 0.09838929245049574, 0.5415183984844221, 0.8349115948613707, 1.5980288311855695, 0.0, 0.0, 0.0, 1.0], "fov": 75.0, "aspect": 1.3333333333333333, "render_time": 0.0}, {"camera_to_world": [0.908234497040366, 0.3054186123190698, -0.28605868215267866, -0.4707727203508215, -0.40868638140843944, 0.7942917661411709, -0.4495286774963474, -0.6431786928930909, 0.08991963098850592, 0.5251857399905611, 0.846223610207998, 1.6258730736022173, 0.0, 0.0, 0.0, 1.0], "fov": 75.0, "aspect": 1.3333333333333333, "render_time": 0.0}, {"camera_to_world": [0.9228445216753405, 0.28627927542411863, -0.25768617595139576, -0.42683439647370297, -0.37653584703426907, 0.8114040107668226, -0.4470394694092455, -0.6625294715324017, 0.08110946129766641, 0.5095760078478536, 0.8565941556617385, 1.6525706759742538, 0.0, 0.0, 0.0, 1.0], "fov": 75.0, "aspect": 1.3333333333333333, "render_time": 0.0}, {"camera_to_world": [0.9356153530386737, 0.2672941962113247, -0.2306029571147341, -0.3849718989214869, -0.3455798159018773, 0.8268942406006131, -0.44364457136626845, -0.6809660401572574, 0.07210063799677945, 0.4947723997286806, 0.8660264259635385, 1.6780069742972177, 0.0, 0.0, 0.0, 1.0], "fov": 75.0, "aspect": 1.3333333333333333, "render_time": 0.0}, {"camera_to_world": [0.9466467274434397, 0.2486874893773926, -0.20497440339660777, -0.3453739391782566, -0.31604760672248444, 0.8407955530078214, -0.439518769027287, -0.6984052887663428, 0.06303874765266103, 0.4808506739825172, 0.8745334445433994, 1.7020673045666477, 0.0, 0.0, 0.0, 1.0], "fov": 75.0, "aspect": 1.3333333333333333, "render_time": 0.0}, {"camera_to_world": [0.9560551492518417, 0.2306818988722153, -0.18095417409318815, -0.30822922872809394, -0.2881576929149063, 0.8531558249636538, -0.43484512454958707, -0.7147641073583446, 0.05407120863266687, 0.4678792577827065, 0.8821367833469514, 1.724637002778083, 0.0, 0.0, 0.0, 1.0], "fov": 75.0, "aspect": 1.3333333333333333, "render_time": 0.0}, {"camera_to_world": [0.9639701438701914, 0.21349667792956917, -0.15868437301738425, -0.2737264790550807, -0.26211705678473424, 0.8640349829517555, -0.42981181554032216, -0.7299593859319484, 0.04534545478205006, 0.4559196384765602, 0.8888650476770991, 1.745601404927062, 0.0, 0.0, 0.0, 1.0], "fov": 75.0, "aspect": 1.3333333333333333, "render_time": 0.0}, {"camera_to_world": [0.97053017616101, 0.19734573910927025, -0.13829619089582537, -0.24205440164329914, -0.23812106707910227, 0.8735019206922261, -0.42460894003789135, -0.7439080144858399, 0.03700722326774073, 0.4450270259236036, 0.8947521509466204, 1.7648458470091242, 0.0, 0.0, 0.0, 1.0], "fov": 75.0, "aspect": 1.3333333333333333, "render_time": 0.0}, {"camera_to_world": [0.9758782867979628, 0.18243607673975776, -0.11991099724411491, -0.21340170797683095, -0.2163538543982707, 0.8816311094190507, -0.419425317060792, -0.7565268830187049, 0.0291989562019739, 0.4352512662914828, 0.8998354050315958, 1.782255665019808, 0.0, 0.0, 0.0, 1.0], "fov": 75.0, "aspect": 1.3333333333333333, "render_time": 0.0}, {"camera_to_world": [0.9801574923466856, 0.16896644568932725, -0.10364183724622293, -0.18795710953975941, -0.19698913925556685, 0.8884989439703048, -0.4144452986571377, -0.7677328815292292, 0.02205831389766301, 0.42663798095665223, 0.9041534515740253, 1.7977161949546523, 0.0, 0.0, 0.0, 1.0], "fov": 75.0, "aspect": 1.3333333333333333, "render_time": 0.0}, {"camera_to_world": [0.9835059861019693, 0.15712626123487536, -0.08959527516528341, -0.16590931781616583, -0.18019144809590312, 0.894179864929997, -0.40984559432409884, -0.7774429000160992, 0.015716785125927946, 0.41922989776985375, 0.9077440583563097, 1.8111127728091962, 0.0, 0.0, 0.0, 1.0], "fov": 75.0, "aspect": 1.3333333333333333, "render_time": 0.0}, {"camera_to_world": [0.9860521667495188, 0.1470946652639129, -0.07787351218146316, -0.14744704429013247, -0.1661176332862585, 0.8987422930812383, -0.4057920927500309, -0.7855738284780001, 0.010298366858449474, 0.41306833584526303, 0.9106418031048618, 1.8223307345789777, 0.0, 0.0, 0.0, 1.0], "fov": 75.0, "aspect": 1.3333333333333333, "render_time": 0.0}, {"camera_to_world": [0.9879095117153475, 0.13903968441775455, -0.06857669297476271, -0.13275900044574093, -0.15491859380681589, 0.9022444082641939, -0.40243664973373544, -0.7920425569136179, 0.005918272996613086, 0.4081947989783869, 0.9128756652095245, 1.831255416259537, 0.0, 0.0, 0.0, 1.0], "fov": 75.0, "aspect": 1.3333333333333333, "render_time": 0.0}, {"camera_to_world": [0.9891713027487179, 0.1331173863075902, -0.06180530139915308, -0.12203389776707355, -0.14674107379607185, 0.9047298012958297, -0.39991379559648155, -0.796765975321639, 0.0026816188357331426, 0.4046526264709577, 0.9144665443910868, 1.8377721538464122, 0.0, 0.0, 0.0, 1.0], "fov": 75.0, "aspect": 1.3333333333333333, "render_time": 0.0}, {"camera_to_world": [0.9899052041533979, 0.12947092085207376, -0.05766253067404908, -0.11546044773821365, -0.14172939583737762, 0.9062230259638485, -0.39833730125171285, -0.7996609737007483, 0.0006820158293808082, 0.40248864315237765, 0.9154247249161269, 1.8417662833351418, 0.0, 0.0, 0.0, 1.0], "fov": 75.0, "aspect": 1.3333333333333333, "render_time": 0.0}, {"camera_to_world": [0.9901476906099828, 0.12822931537663845, -0.05625649702706734, -0.11322736184324209, -0.14002696447369645, 0.9067250794580205, -0.39779653027914724, -0.8006444420496323, 2.498001805406602e-16, 0.40175474229918545, 0.9157473052322431, 1.8431231407212656, 0.0, 0.0, 0.0, 1.0], "fov": 75.0, "aspect": 1.3333333333333333, "render_time": 0.0}, {"camera_to_world": [0.9899052041533979, 0.1294709208520743, -0.05766253067404964, -0.11546044773821376, -0.1417293958373783, 0.9062230259638484, -0.39833730125171285, -0.7996609737007481, 0.0006820158293810927, 0.40248864315237765, 0.9154247249161268, 1.8417662833351423, 0.0, 0.0, 0.0, 1.0], "fov": 75.0, "aspect": 1.3333333333333333, "render_time": 0.0}, {"camera_to_world": [0.9891713027487177, 0.13311738630759126, -0.061805301399154286, -0.12203389776707411, -0.1467410737960733, 0.9047298012958291, -0.39991379559648216, -0.7967659753216385, 0.0026816188357336873, 0.4046526264709585, 0.9144665443910864, 1.8377721538464122, 0.0, 0.0, 0.0, 1.0], "fov": 75.0, "aspect": 1.3333333333333333, "render_time": 0.0}, {"camera_to_world": [0.9879095117153474, 0.139039684417755, -0.06857669297476321, -0.13275900044574093, -0.1549185938068165, 0.9022444082641937, -0.40243664973373566, -0.7920425569136178, 0.005918272996613294, 0.40819479897838723, 0.9128756652095243, 1.8312554162595371, 0.0, 0.0, 0.0, 1.0], "fov": 75.0, "aspect": 1.3333333333333333, "render_time": 0.0}, {"camera_to_world": [0.9860521667495189, 0.1470946652639126, -0.0778735121814628, -0.1474470442901321, -0.1661176332862581, 0.8987422930812385, -0.40579209275003075, -0.7855738284779998, 0.010298366858449294, 0.41306833584526276, 0.9106418031048619, 1.822330734578978, 0.0, 0.0, 0.0, 1.0], "fov": 75.0, "aspect": 1.3333333333333333, "render_time": 0.0}, {"camera_to_world": [0.9835059861019692, 0.15712626123487566, -0.0895952751652839, -0.16590931781616577, -0.18019144809590365, 0.8941798649299969, -0.40984559432409895, -0.7774429000160988, 0.01571678512592821, 0.419229897769854, 0.9077440583563097, 1.8111127728091962, 0.0, 0.0, 0.0, 1.0], "fov": 75.0, "aspect": 1.3333333333333333, "render_time": 0.0}, {"camera_to_world": [0.9801574923466856, 0.1689664456893274, -0.10364183724622301, -0.1879571095397594, -0.196989139255567, 0.8884989439703048, -0.41444529865713786, -0.767732881529229, 0.02205831389766301, 0.4266379809566525, 0.9041534515740253, 1.7977161949546523, 0.0, 0.0, 0.0, 1.0], "fov": 75.0, "aspect": 1.3333333333333333, "render_time": 0.0}, {"camera_to_world": [0.975878286797963, 0.18243607673975754, -0.1199109972441146, -0.2134017079768311, -0.21635385439827037, 0.8816311094190508, -0.41942531706079184, -0.7565268830187046, 0.029198956201973728, 0.43525126629148253, 0.8998354050315958, 1.7822556650198085, 0.0, 0.0, 0.0, 1.0], "fov": 75.0, "aspect": 1.3333333333333333, "render_time": 0.0}, {"camera_to_world": [0.9705301761610101, 0.19734573910927, -0.1382961908958253, -0.24205440164329897, -0.23812106707910202, 0.8735019206922261, -0.42460894003789146, -0.7439080144858397, 0.037007223267740724, 0.4450270259236037, 0.8947521509466203, 1.7648458470091242, 0.0, 0.0, 0.0, 1.0], "fov": 75.0, "aspect": 1.3333333333333333, "render_time": 0.0}, {"camera_to_world": [0.9639701438701914, 0.2134966779295691, -0.15868437301738414, -0.2737264790550804, -0.2621170567847341, 0.8640349829517556, -0.4298118155403222, -0.7299593859319482, 0.04534545478205, 0.45591963847656014, 0.8888650476770992, 1.7456014049270625, 0.0, 0.0, 0.0, 1.0], "fov": 75.0, "aspect": 1.3333333333333333, "render_time": 0.0}, {"camera_to_world": [0.9560551492518418, 0.23068189887221513, -0.18095417409318793, -0.30822922872809355, -0.288157692914906, 0.853155824963654, -0.4348451245495868, -0.7147641073583446, 0.054071208632666845, 0.4678792577827062, 0.8821367833469516, 1.7246370027780835, 0.0, 0.0, 0.0, 1.0], "fov": 75.0, "aspect": 1.3333333333333333, "render_time": 0.0}, {"camera_to_world": [0.9466467274434397, 0.24868748937739255, -0.20497440339660777, -0.34537393917825665, -0.3160476067224844, 0.8407955530078214, -0.4395187690272871, -0.6984052887663428, 0.06303874765266099, 0.4808506739825173, 0.8745334445433994, 1.7020673045666477, 0.0, 0.0, 0.0, 1.0], "fov": 75.0, "aspect": 1.3333333333333333, "render_time": 0.0}, {"camera_to_world": [0.9356153530386737, 0.2672941962113246, -0.230602957114734, -0.38497189892148687, -0.3455798159018772, 0.8268942406006131, -0.44364457136626845, -0.6809660401572571, 0.07210063799677936, 0.4947723997286806, 0.8660264259635385, 1.6780069742972177, 0.0, 0.0, 0.0, 1.0], "fov": 75.0, "aspect": 1.3333333333333333, "render_time": 0.0}, {"camera_to_world": [0.9228445216753406, 0.28627927542411835, -0.25768617595139554, -0.4268343964737024, -0.3765358470342687, 0.8114040107668227, -0.4470394694092455, -0.6625294715324018, 0.08110946129766639, 0.5095760078478535, 0.8565941556617385, 1.652570675974254, 0.0, 0.0, 0.0, 1.0], "fov": 75.0, "aspect": 1.3333333333333333, "render_time": 0.0}, {"camera_to_world": [0.908234497040366, 0.30541861231906975, -0.2860586821526786, -0.4707727203508217, -0.4086863814084394, 0.7942917661411709, -0.4495286774963474, -0.6431786928930905, 0.08991963098850594, 0.5251857399905611, 0.846223610207998, 1.6258730736022173, 0.0, 0.0, 0.0, 1.0], "fov": 75.0, "aspect": 1.3333333333333333, "render_time": 0.0}, {"camera_to_world": [0.8917056666613699, 0.32448909165313844, -0.31554371082644483, -0.5165981590687616, -0.44179242996580725, 0.7755415227445837, -0.45094877239429265, -0.6229968142406379, 0.09838929245049576, 0.5415183984844222, 0.8349115948613706, 1.5980288311855697, 0.0, 0.0, 0.0, 1.0], "fov": 75.0, "aspect": 1.3333333333333333, "render_time": 0.0}, {"camera_to_world": [0.8732014488347324, 0.3432711823726299, -0.34595393494715576, -0.5641220011434406, -0.4756070235384279, 0.7551563061574896, -0.4511506538081189, -0.6020669455763581, 0.10638227725444464, 0.5584835258296099, 0.8226657659481681, 1.5691526127287716, 0.0, 0.0, 0.0, 1.0], "fov": 75.0, "aspect": 1.3333333333333333, "render_time": 0.0}, {"camera_to_world": [0.8526906953662465, 0.36155168717064473, -0.37709276781700174, -0.6131555350907771, -0.5098773855521737, 0.7331595741256958, -0.45000232284990327, -0.5804721969015649, 0.11377007400150127, 0.5759838681524758, 0.8095053760722064, 1.539359082236284, 0.0, 0.0, 0.0, 1.0], "fov": 75.0, "aspect": 1.3333333333333333, "render_time": 0.0}, {"camera_to_world": [0.8301695405406264, 0.3791265954475522, -0.408756111370721, -0.6635100494266878, -0.5443475364406818, 0.7095961373454249, -0.447391418598316, -0.5582956782175728, 0.12043377237936978, 0.5939161106493079, 0.7954617275404726, 1.5087629037125687, 0.0, 0.0, 0.0, 1.0], "fov": 75.0, "aspect": 1.3333333333333333, "render_time": 0.0}, {"camera_to_world": [0.805662655768002, 0.39580396923956196, -0.44073450402147774, -0.714996832667091, -0.5787612627022504, 0.6845325600883562, -0.443227452866108, -0.5356204995256958, 0.1262659332367477, 0.612171864849316, 0.7805783253401058, 1.4774787411620867, 0.0, 0.0, 0.0, 1.0], "fov": 75.0, "aspect": 1.3333333333333333, "render_time": 0.0}, {"camera_to_world": [0.779223881373424, 0.41140678566444283, -0.4728156082518715, -0.7674271733279054, -0.6128653693912303, 0.6580570341081255, -0.4374436865034951, -0.5125297708272478, 0.13117233587264876, 0.6306388796847752, 0.7649107279491147, 1.4456212585892985, 0.0, 0.0, 0.0, 1.0], "fov": 75.0, "aspect": 1.3333333333333333, "render_time": 0.0}, {"camera_to_world": [0.7509362215259424, 0.42577565663556194, -0.5047869663698706, -0.820612359925048, -0.6464131234006054, 0.6302787324571119, -0.42999859686716435, -0.4891066021235434, 0.13507355439098567, 0.6492024411759497, 0.7485261019332412, 1.413305119998666, 0.0, 0.0, 0.0, 1.0], "fov": 75.0, "aspect": 1.3333333333333333, "render_time": 0.0}, {"camera_to_world": [0.7209112047296256, 0.4387713471178309, -0.5364389432579293, -0.8743636809744366, -0.6791677866280293, 0.6013266638801348, -0.42087689520045074, -0.4654341034158967, 0.13790631784680368, 0.6677469193153882, 0.7315024943516905, 1.3806449893946502, 0.0, 0.0, 0.0, 1.0], "fov": 75.0, "aspect": 1.3333333333333333, "render_time": 0.0}, {"camera_to_world": [0.6892876298901246, 0.45027701701165457, -0.5675677679639153, -0.9284924249919901, -0.7109061333819922, 0.5713480627178216, -0.4100900641913404, -0.44159538470562126, 0.13962461387706646, 0.6861574157434128, 0.7139278451076143, 1.3477555307817117, 0.0, 0.0, 0.0, 1.0], "fov": 75.0, "aspect": 1.3333333333333333, "render_time": 0.0}, {"camera_to_world": [0.6562297359228075, 0.4602001186824357, -0.5979785819369742, -0.9828098804936254, -0.7414218453985028, 0.540506363093886, -0.3976763993763007, -0.41767355599403205, 0.1402005023406159, 0.7043214622739339, 0.6958987691638394, 1.3147514081643124, 0.0, 0.0, 0.0, 1.0], "fov": 75.0, "aspect": 1.3333333333333333, "render_time": 0.0}, {"camera_to_world": [0.621924850346258, 0.46847389189159494, -0.627488400799351, -1.0371273359952604, -0.770528680661184, 0.5089788189304507, -0.38370055272138814, -0.3937517272824428, 0.1396246138770663, 0.7221307184271459, 0.6775191456361764, 1.281747285546913, 0.0, 0.0, 0.0, 1.0], "fov": 75.0, "aspect": 1.3333333333333333, "render_time": 0.0}, {"camera_to_world": [0.5865805884856838, 0.4750584099867926, -0.6559288988241099, -1.091256080012814, -0.7980633187346261, 0.47695384242952477, -0.36825259195555826, -0.3699130085721675, 0.13790631784680368, 0.7394826159501876, 0.658898556839673, 1.2488578269339747, 0.0, 0.0, 0.0, 1.0], "fov": 75.0, "aspect": 1.3333333333333333, "render_time": 0.0}, {"camera_to_world": [0.5504216890299148, 0.47994114511668806, -0.6831489306655893, -1.1450074010622024, -0.8238877952425568, 0.44462814254920113, -0.3514466043421194, -0.3462405098645206, 0.13507355439098578, 0.7562818998742002, 0.640150625108541, 1.216197696329959, 0.0, 0.0, 0.0, 1.0], "fov": 75.0, "aspect": 1.3333333333333333, "render_time": 0.0}, {"camera_to_world": [0.5136865830777433, 0.4831370353032266, -0.7090167131205877, -1.198192587659345, -0.8478914509933603, 0.41220375126877506, -0.3334188878457909, -0.32281734116081645, 0.13117233587264887, 0.7724420188974437, 0.6213912984129681, 1.1838815577393267, 0.0, 0.0, 0.0, 1.0], "fov": 75.0, "aspect": 1.3333333333333333, "render_time": 0.0}, {"camera_to_world": [0.4766238019427386, 0.4846880517290358, -0.7334216003996341, -1.2506229283201598, -0.8699923364751567, 0.3798850287853908, -0.3143257854189193, -0.29972661246236837, 0.12626593323674745, 0.7878863226480292, 0.6027371373061552, 1.1520240751665383, 0.0, 0.0, 0.0, 1.0], "fov": 75.0, "aspect": 1.3333333333333333, "render_time": 0.0}, {"camera_to_world": [0.4394883334891396, 0.4846622798536635, -0.7562753990538024, -1.3021097115605627, -0.8901380292951273, 0.34787573906715996, -0.29434122879927016, -0.27705143377049124, 0.12043377237936981, 0.8025490294402744, 0.5843036554865524, 1.1207399126160564, 0.0, 0.0, 0.0, 1.0], "fov": 75.0, "aspect": 1.3333333333333333, "render_time": 0.0}, {"camera_to_world": [0.4025380374502366, 0.48315254224872256, -0.7775131827334559, -1.3524642258964736, -0.908305839828967, 0.31637628440390503, -0.27365406629424394, -0.2548749150864992, 0.11377007400150096, 0.8163759352071667, 0.5662037642724721, 1.0901437340923408, 0.0, 0.0, 0.0, 1.0], "fov": 75.0, "aspect": 1.3333333333333333, "render_time": 0.0}, {"camera_to_world": [0.36603022702125687, 0.48027460367647357, -0.7970935816892353, -1.4014977598438099, -0.9245023980460656, 0.28558118189135684, -0.25246525415710197, -0.23328016641170599, 0.10638227725444438, 0.8293248420329287, 0.5485463676602156, 1.0603502035998535, 0.0, 0.0, 0.0, 1.0], "fov": 75.0, "aspect": 1.3333333333333333, "render_time": 0.0}, {"camera_to_world": [0.3302185171816493, 0.47616500934776596, -0.8149985366754929, -1.4490216019184892, -0.9387626313618601, 0.255676856433245, -0.23098499311204224, -0.212350297747426, 0.09838929245049555, 0.8413656927622233, 0.531435149546805, 1.0314739851430554, 0.0, 0.0, 0.0, 1.0], "fov": 75.0, "aspect": 1.3333333333333333, "render_time": 0.0}, {"camera_to_world": [0.2953500300034144, 0.47097861500969185, -0.8312325210075305, -1.494847040636429, -0.9511481586692333, 0.22683981423309763, -0.20942989027075515, -0.19216841909497342, 0.08991963098850564, 0.8524804061573767, 0.5149675883787685, 1.0036297427264074, 0.0, 0.0, 0.0, 1.0], "fov": 75.0, "aspect": 1.3333333333333333, "render_time": 0.0}, {"camera_to_world": [0.2616630340870997, 0.46488587218340416, -0.8458212473310238, -1.5387853645135483, -0.9617451387349643, 0.199235248338699, -0.18802022215464292, -0.17281764045566222, 0.08110946129766616, 0.8626624146580704, 0.49923422721635363, 0.9769321403543708, 0.0, 0.0, 0.0, 1.0], "fov": 75.0, "aspect": 1.3333333333333333, "render_time": 0.0}, {"camera_to_world": [0.22938507977148292, 0.4580699332888076, -0.8588098866425665, -1.5806478620657638, -0.9706616213586936, 0.173016114108826, -0.16697736696928095, -0.15438107183080688, 0.07210063799677913, 0.8719159136496302, 0.48431821927838753, 0.951495842031407, 0.0, 0.0, 0.0, 1.0], "fov": 75.0, "aspect": 1.3333333333333333, "render_time": 0.0}, {"camera_to_world": [0.1987316744733576, 0.45072363948693345, -0.8702608358237591, -1.6202458218089941, -0.9780244566754961, 0.14832269801586206, -0.1465214639494697, -0.13694182322172122, 0.06303874765266038, 0.8802548369994612, 0.47029516075910904, 0.927435511761977, 0.0, 0.0, 0.0, 1.0], "fov": 75.0, "aspect": 1.3333333333333333, "render_time": 0.0}, {"camera_to_world": [0.1699055240227244, 0.4430464489111657, -0.8802510761219039, -1.6573905322591578, -0.9839758215035401, 0.12528268847385804, -0.12686934485996293, -0.12058300462971934, 0.054071208632666456, 0.887701578277277, 0.45723321436771663, 0.9048658135505414, 0.0, 0.0, 0.0, 1.0], "fov": 75.0, "aspect": 1.3333333333333333, "render_time": 0.0}, {"camera_to_world": [0.14309634672031846, 0.4352413547392692, -0.888869168483205, -1.69189328193217, -0.9886694216399674, 0.10401174282156778, -0.10823276800171255, -0.10538772605611584, 0.045345454782049543, 0.8942854804143618, 0.44519351887764874, 0.8839014114015626, 0.0, 0.0, 0.0, 1.0], "fov": 75.0, "aspect": 1.3333333333333333, "render_time": 0.0}, {"camera_to_world": [0.11848124753322486, 0.4275118315836819, -0.8962119324350333, -1.7235653593439522, -0.9922664256181313, 0.08461453053118828, -0.09081696875586803, -0.09143909750222434, 0.03700722326774025, 0.9000411185490096, 0.4342308721717738, 0.8646569693195005, 0.0, 0.0, 0.0, 1.0], "fov": 75.0, "aspect": 1.3333333333333333, "render_time": 0.0}, {"camera_to_world": [0.09622562071919472, 0.4200588353436777, -0.9023808535019563, -1.752218053010419, -0.9949311789636112, 0.06718621937186553, -0.07481952320480684, -0.07882022896935954, 0.029198956201973436, 0.9050064015111876, 0.4243946679454002, 0.8472471513088171, 0.0, 0.0, 0.0, 1.0], "fov": 75.0, "aspect": 1.3333333333333333, "render_time": 0.0}, {"camera_to_world": [0.07648453044522108, 0.41307786643908556, -0.907478260268921, -1.7776626514474914, -0.9968267389022862, 0.05181435870634321, -0.06042950306997541, -0.06761423045883497, 0.022058313897662774, 0.9092205169759335, 0.4157300594111624, 0.8317866213739725, 0.0, 0.0, 0.0, 1.0], "fov": 75.0, "aspect": 1.3333333333333333, "render_time": 0.0}, {"camera_to_world": [0.05940450069194547, 0.4067560897579517, -0.9116033066758596, -1.7997104431710849, -0.9981102584198029, 0.038581102259034994, -0.047826881412358524, -0.0579042119719654, 0.015716785125927335, 0.9127217440125432, 0.40827931697798087, 0.8183900435194289, 0.0, 0.0, 0.0, 1.0], "fov": 75.0, "aspect": 1.3333333333333333, "render_time": 0.0}, {"camera_to_world": [0.04512562779143592, 0.40126948727353245, -0.9148477885963682, -1.8181727166971189, -0.9989282363395668, 0.02756570132454028, -0.03718212949803518, -0.04977328351006403, 0.010298366858449037, 0.9155451549179443, 0.4020833407968131, 0.8071720817496466, 0.0, 0.0, 0.0, 1.0], "fov": 75.0, "aspect": 1.3333333333333333, "render_time": 0.0}, {"camera_to_world": [0.03378391104344891, 0.3967800017374737, -0.9172918170221617, -1.8328607605415097, -0.9994116376145248, 0.01884718809269792, -0.028655926117516606, -0.043304555074446326, 0.005918272996612295, 0.9177202262793434, 0.3971832830350853, 0.7982474000690878, 0.0, 0.0, 0.0, 1.0], "fov": 75.0, "aspect": 1.3333333333333333, "render_time": 0.0}, {"camera_to_world": [0.025513678556455144, 0.39343261280604613, -0.9189993641929933, -1.8435858632201767, -0.9996708764022977, 0.01250715701395555, -0.022398881590171837, -0.03858113666642513, 0.002681618835732702, 0.9192683776808797, 0.39362222843277495, 0.7917306624822125, 0.0, 0.0, 0.0, 1.0], "fov": 75.0, "aspect": 1.3333333333333333, "render_time": 0.0}, {"camera_to_world": [0.020449966210003168, 0.3913522711468742, -0.9200136948710019, -1.850159313249037, -0.9997906449534413, 0.008632539263983108, -0.018551159786859228, -0.03568613828731593, 0.0006820158293801004, 0.9202004559518753, 0.39144687471018247, 0.7877365329934829, 0.0, 0.0, 0.0, 1.0], "fov": 75.0, "aspect": 1.3333333333333333, "render_time": 0.0}]}