{"default_fov": 75.0, "default_time": 0.0, "default_transition_sec": 1.0, "keyframes": [{"matrix": [-0.6599531028203426, -0.23192260723067787, 0.7146144459309001, 1.2446036221952992, 0.7513067962409248, -0.20372242740499258, 0.6277222877152087, 1.0932684575181582, -1.6653345369377348e-16, 0.9511619614069637, 0.3086922790943396, 0.5376319089156615, 0.0, 0.0, 0.0, 1.0], "fov": 75.0, "aspect": 1.7777777777777777, "override_transition_enabled": false, "override_transition_sec": null, "render_time": 0.0, "override_time_enabled": false}, {"matrix": [-0.9035569819172469, 0.27657313028940267, -0.32724926895337303, -0.6647634583886278, -0.42846794562556956, -0.5832398559449792, 0.6901061440160376, 1.4018590428591775, -1.942890293094024e-16, 0.7637660466656011, 0.6454931649218285, 1.3112336967230744, 0.0, 0.0, 0.0, 1.0], "fov": 75.0, "aspect": 1.7777777777777777, "override_transition_enabled": false, "override_transition_sec": null, "render_time": 0.0, "override_time_enabled": false}, {"matrix": [0.9595205768180259, 0.18940172712229533, -0.2084400355639346, -0.4234182687445678, -0.28163853192133126, 0.6452769556030719, -0.7101389919620162, -1.4425531147654231, 8.326672684688674e-17, 0.740097720798222, 0.672499341017727, 1.3660931592877605, 0.0, 0.0, 0.0, 1.0], "fov": 75.0, "aspect": 1.7777777777777777, "override_transition_enabled": false, "override_transition_sec": null, "render_time": 0.0, "override_time_enabled": false}, {"matrix": [0.7373984477467781, -0.15242931761157635, 0.6580340662861699, 1.336708873456205, 0.6754580144321645, 0.16640729667315954, -0.7183766994782673, -1.4592869243021487, 6.106226635438361e-16, 0.9742042469351077, 0.2256680864756906, 0.4584147677192639, 0.0, 0.0, 0.0, 1.0], "fov": 75.0, "aspect": 1.7777777777777777, "override_transition_enabled": false, "override_transition_sec": null, "render_time": 0.0, "override_time_enabled": false}, {"matrix": [-0.3685386314708423, -0.13765262719186772, 0.9193644714370767, 1.8675669085738065, 0.9296124338204599, -0.05457146333033547, 0.36447589532970104, 0.7403844092719519, 2.220446049250313e-16, 0.9889760915295994, 0.14807528619873567, 0.300795291828156, 0.0, 0.0, 0.0, 1.0], "fov": 75.0, "aspect": 1.7777777777777777, "override_transition_enabled": false, "override_transition_sec": null, "render_time": 0.0, "override_time_enabled": false}], "camera_type": "perspective", "render_height": 480.0, "render_width": 640.0, "fps": 30.0, "seconds": 5.0, "is_cycle": true, "smoothness_value": 0.0, "camera_path": [{"camera_to_world": [-0.6599531028203426, -0.23192260723067787, 0.7146144459309001, 1.2446036221952992, 0.7513067962409248, -0.20372242740499258, 0.6277222877152087, 1.0932684575181582, -1.6653345369377348e-16, 0.9511619614069637, 0.3086922790943396, 0.5376319089156615, 0.0, 0.0, 0.0, 1.0], "fov": 75.0, "aspect": 1.7777777777777777, "render_time": 0.0}, {"camera_to_world": [-0.6717293141992419, -0.23067615017331633, 0.7039660802813108, 1.2191090442680428, 0.7407931105103845, -0.21212034114746148, 0.6373621641514605, 1.1001060767633721, 0.0023012748129208616, 0.9496280717274009, 0.3133707540941456, 0.5477991418005138, 0.0, 0.0, 0.0, 1.0], "fov": 75.0, "aspect": 1.7777777777777777, "render_time": 0.0}, {"camera_to_world": [-0.6865586175196964, -0.22877495752648738, 0.6901443932382536, 1.1852409863944167, 0.7270542854247776, -0.22309099842162328, 0.6493246279548539, 1.1094335027680633, 0.005415787561333374, 0.9475718575559309, 0.31949686072494243, 0.5612990924235925, 0.0, 0.0, 0.0, 1.0], "fov": 75.0, "aspect": 1.7777777777777777, "render_time": 0.0}, {"camera_to_world": [-0.7040620830312369, -0.22608660575238296, 0.6731875146919188, 1.1436147032625747, 0.7100787814108022, -0.2364192631246933, 0.6632450951297925, 1.121009453775486, 0.009203663828395992, 0.9449818933307367, 0.3269931403702381, 0.577890098860054, 0.0, 0.0, 0.0, 1.0], "fov": 75.0, "aspect": 1.7777777777777777, "render_time": 0.0}, {"camera_to_world": [-0.7238328327322316, -0.22246450048894212, 0.6531275344686054, 1.0948454495606705, 0.6898430199514878, -0.2518768917665405, 0.6787301667218263, 1.1345926480288941, 0.013514365802548667, 0.9418426500303713, 0.33578234691645525, 0.5973304991850539, 0.0, 0.0, 0.0, 1.0], "fov": 75.0, "aspect": 1.7777777777777777, "render_time": 0.0}, {"camera_to_world": [-0.7454404845496126, -0.21775570455170093, 0.6300007437532358, 1.0395484799768584, 0.6663239462086887, -0.2692216185851679, 0.6953647379579025, 1.149941803771542, 0.018190181508673964, 0.9381376088941186, 0.34578453417570165, 0.6193786314737483, 0.0, 0.0, 0.0, 1.0], "fov": 75.0, "aspect": 1.7777777777777777, "render_time": 0.0}, {"camera_to_world": [-0.7684360466836485, -0.21180842268065167, 0.603856965049455, 0.9783390491992918, 0.6395106193370337, -0.2881967662295668, 0.712719293754549, 1.166815639246684, 0.02306967516823466, 0.9338521381976668, 0.35691451927776463, 0.643792833801293, 0.0, 0.0, 0.0, 1.0], "fov": 75.0, "aspect": 1.7777777777777777, "render_time": 0.0}, {"camera_to_world": [-0.7923574737964153, -0.20447907892842868, 0.5747677269989551, 0.9118324119161247, 0.6094145790385065, -0.30853157041763, 0.7303575432012404, 1.1849728726975741, 0.027991151714139406, 0.9289760902930781, 0.3690798275299034, 0.6703314442428444, 0.0, 0.0, 0.0, 1.0], "fov": 75.0, "aspect": 1.7777777777777777, "render_time": 0.0}, {"camera_to_world": [-0.8167359923042625, -0.19563889706448226, 0.5428330690278224, 0.8406438228155109, 0.5760787544504545, -0.32994234266120004, 0.7478444485252613, 1.2041722223674662, 0.03279615138373049, 0.9235060760355789, 0.38217919877955575, 0.6987528008735582, 0.0, 0.0, 0.0, 1.0], "fov": 75.0, "aspect": 1.7777777777777777, "render_time": 0.0}, {"camera_to_world": [-0.8411032021134612, -0.18517987368585187, 0.5081867941772735, 0.7653885365856045, 0.5395847049153425, -0.3521345316655863, 0.764754612820401, 1.2241724064996151, 0.03733295616349547, 0.9174473750522973, 0.396101709657689, 0.7288152417685904, 0.0, 0.0, 0.0, 1.0], "fov": 75.0, "aspect": 1.7777777777777777, "render_time": 0.0}, {"camera_to_world": [-0.8649988698360659, -0.17302002071677566, 0.47100002931368884, 0.6866818079145588, 0.5000580152242947, -0.3748056821763114, 0.7806809092185419, 1.2447321433372749, 0.041460060205796345, 0.9108154440058188, 0.4107265396443418, 0.760277105003097, 0.0, 0.0, 0.0, 1.0], "fov": 75.0, "aspect": 1.7777777777777777, "render_time": 0.0}, {"camera_to_world": [-0.8879792470745391, -0.15910775061480478, 0.4314830013560579, 0.6051388914905279, 0.4576717124606382, -0.3976492312270551, 0.7952431656530468, 1.2656101511236995, 0.0450495324979259, 0.9036369916060483, 0.42592338163440735, 0.7928967286522342, 0.0, 0.0, 0.0, 1.0], "fov": 75.0, "aspect": 1.7777777777777777, "render_time": 0.0}, {"camera_to_world": [-0.9096256799482362, -0.14342528494508075, 0.38988499588613545, 0.5213750420016658, 0.4126476277723823, -0.42035902774098355, 0.8080966669220218, 1.286565148102143, 0.04799018308503225, 0.8959505987693059, 0.44155347002643675, 0.8264324507911576, 0.0, 0.0, 0.0, 1.0], "fov": 75.0, "aspect": 1.7777777777777777, "render_time": 0.0}, {"camera_to_world": [-0.929553225529938, -0.12599098518344853, 0.3464925288651869, 0.4360055141361265, 0.3652556928599763, -0.4426344143126363, 0.8189402017848972, 1.30735585251586, 0.050190434748734886, 0.8878068747867487, 0.4574711721421574, 0.8606426094950234, 0.0, 0.0, 0.0, 1.0], "fov": 75.0, "aspect": 1.7777777777777777, "render_time": 0.0}, {"camera_to_world": [-0.9474189595592137, -0.1068605329111789, 0.3016258304152296, 0.34964556258206336, 0.3158112348898633, -0.46418567184595094, 0.8275233688363511, 1.3277409826081044, 0.051580800547079614, 0.8792681550919849, 0.47352606312225287, 0.8952855428389874, 0.0, 0.0, 0.0, 1.0], "fov": 75.0, "aspect": 1.7777777777777777, "render_time": 0.0}, {"camera_to_world": [-0.9629296491374004, -0.0861269233866023, 0.25563380817114467, 0.26291044202763053, 0.26467041107514355, -0.4847396004417559, 0.8336528613666971, 1.3474792566221305, 0.052115873910333815, 0.8704077623915847, 0.4895653815937529, 0.9301195888982061, 0.0, 0.0, 0.0, 1.0], "fov": 75.0, "aspect": 1.7777777777777777, "render_time": 0.0}, {"camera_to_world": [-0.9758484744405103, -0.06391927953017458, 0.20888772256040197, 0.17641540716098153, 0.21222400074288933, -0.5040449949804746, 0.8371974776262855, 1.3663293928011924, 0.05177575147508903, 0.8613088695348935, 0.505436744627568, 0.9649030857478349, 0.0, 0.0, 0.0, 1.0], "fov": 75.0, "aspect": 1.7777777777777777, "render_time": 0.0}, {"camera_to_world": [-0.9860005139404922, -0.04040053981229445, 0.16177386343893718, 0.09077571267027063, 0.15888984349623775, -0.5218777720722685, 0.8380916469280826, 1.3840501093885447, 0.05056682848296658, 0.8520630184439177, 0.5209909869253153, 0.9993943714630301, 0.0, 0.0, 0.0, 1.0], "fov": 75.0, "aspect": 1.7777777777777777, "render_time": 0.0}, {"camera_to_world": [-0.9932767560668812, -0.015764120242405567, 0.11468556304189756, 0.006606613243651083, 0.10510427240298106, -0.5380455165200447, 0.8363373207476267, 1.400400124627441, 0.048521930916793, 0.842768363588514, 0.5360849816535102, 1.0333517841189477, 0.0, 0.0, 0.0, 1.0], "fov": 75.0, "aspect": 1.7777777777777777, "render_time": 0.0}, {"camera_to_world": [-0.9976364633452846, 0.009770305594597302, 0.0680149111041245, -0.07547663643072262, 0.05131293690819696, -0.5523912393970847, 0.8320041473113033, 1.4151381567611359, 0.04569977581749362, 0.8335277198545599, 0.5505842993804757, 1.0665336617907433, 0.0, 0.0, 0.0, 1.0], "fov": 75.0, "aspect": 1.7777777777777777, "render_time": 0.0}, {"camera_to_world": [-0.9991077884888175, 0.03596172676171276, 0.022144552135902287, -0.154858781664697, -0.0020385617679947003, -0.5647961746900431, 0.8252279232560009, 1.4280229240328834, 0.04218377942884982, 0.8244465023661693, 0.5643655672428006, 1.0986983425535732, 0.0, 0.0, 0.0, 1.0], "fov": 75.0, "aspect": 1.7777777777777777, "render_time": 0.0}, {"camera_to_world": [-0.9977866206450363, 0.06255320463589217, -0.022560058766278014, -0.2309245677701181, -0.054513791545159646, -0.5751814848715961, 0.816207391532493, 1.438813144685938, 0.03808025988788154, 0.8156306492835379, 0.5773184024056273, 1.1296041644825938, 0.0, 0.0, 0.0, 1.0], "fov": 75.0, "aspect": 1.7777777777777777, "render_time": 0.0}, {"camera_to_world": [-0.9938337185959677, 0.08927754270481106, -0.06575758625665633, -0.3030587400588323, -0.10569394722306766, -0.5835087948392255, 0.8051995255001596, 1.4472675369635533, 0.03351610511557615, 0.8071846174908597, 0.5893468112953665, 1.1590094656529601, 0.0, 0.0, 0.0, 1.0], "fov": 75.0, "aspect": 1.7777777777777777, "render_time": 0.0}, {"camera_to_world": [-0.9874702607703378, 0.11586298056386335, -0.1071366129248918, -0.370646043842685, -0.15518525655464255, -0.5897795251198531, 0.792513500135783, 1.453144819108984, 0.028635995569039306, 0.7992095354062398, 0.6003699678310966, 1.1866725841398287, 0.0, 0.0, 0.0, 1.0], "fov": 75.0, "aspect": 1.7777777777777777, "render_time": 0.0}, {"camera_to_world": [-0.9789720044506995, 0.14203868185633828, -0.1464200374207478, -0.43307122443352347, -0.2026249942404832, -0.5940330457144642, 0.7785035981344217, 1.456203709365484, 0.02359928411675713, 0.7918015871768072, 0.6103223085661096, 1.2123518580183557, 0.0, 0.0, 0.0, 1.0], "fov": 75.0, "aspect": 1.7777777777777777, "render_time": 0.0}, {"camera_to_world": [-0.9686622942784977, 0.1675398034521589, -0.18336786496638077, -0.48971902714319293, -0.24768582533825279, -0.5963437182108402, 0.7635613280391944, 1.4562029259763078, 0.018576640428921293, 0.785050688815494, 0.6191529087557393, 1.2358056253636966, 0.0, 0.0, 0.0, 1.0], "fov": 75.0, "aspect": 1.7777777777777777, "render_time": 0.0}, {"camera_to_world": [-0.9569041898191752, 0.19211196142833392, -0.21777824910368385, -0.5399741972835403, -0.29007827129165187, -0.5968169329880152, 0.7481070411533538, 1.4529011871847093, 0.01374656433275756, 0.7790395001377898, 0.6268241293968413, 1.256792224251008, 0.0, 0.0, 0.0, 1.0], "fov": 75.0, "aspect": 1.7777777777777777, "render_time": 0.0}, {"camera_to_world": [-0.9440919914698181, 0.2155149466263141, -0.2494867119171068, -0.5832214801664108, -0.3295511689457188, -0.5955842782383525, 0.7325813228316778, 1.446057211233943, 0.009291861442293756, 0.7738427975344588, 0.6333095499161366, 1.2750699927554454, 0.0, 0.0, 0.0, 1.0], "fov": 75.0, "aspect": 1.7777777777777777, "render_time": 0.0}, {"camera_to_world": [-0.9306424325451834, 0.2375255865316161, -0.2783635365653985, -0.6188456211036517, -0.3658900712696718, -0.5927979966682788, 0.7174364019844199, 1.435429716367263, 0.005396155359016219, 0.769527212572036, 0.6385912234117017, 1.290397268952165, 0.0, 0.0, 0.0, 1.0], "fov": 75.0, "aspect": 1.7777777777777777, "render_time": 0.0}, {"camera_to_world": [-0.9169857733501294, 0.2579396985693681, -0.304309387590014, -0.6462313654071086, -0.3989136143356257, -0.5886248934890217, 0.7031277715058097, 1.420777420827923, 0.002240484580078722, 0.7661513209980011, 0.6426563106061158, 1.3025323909163227, 0.0, 0.0, 0.0, 1.0], "fov": 75.0, "aspect": 1.7777777777777777, "render_time": 0.0}, {"camera_to_world": [-0.9035569819172469, 0.27657313028940267, -0.32724926895337303, -0.6647634583886278, -0.42846794562556956, -0.5832398559449792, 0.6901061440160376, 1.4018590428591775, -1.942890293094024e-16, 0.7637660466656011, 0.6454931649218285, 1.3112336967230744, 0.0, 0.0, 0.0, 1.0], "fov": 75.0, "aspect": 1.7777777777777777, "render_time": 0.0}, {"camera_to_world": [-0.8877031174500156, 0.2972133860152759, -0.3516352918051013, -0.6775032324733428, -0.46041418256381794, -0.5753577774086738, 0.6760045920476004, 1.3736101003709678, -0.001398486187090875, 0.7619892592082161, 0.6475881508240393, 1.3180927540501746, 0.0, 0.0, 0.0, 1.0], "fov": 75.0, "aspect": 1.7777777777777777, "render_time": 0.0}, {"camera_to_world": [-0.8660562662698916, 0.3232485189715766, -0.3813881731744398, -0.6879813495479807, -0.4999417511446915, -0.5632965578872168, 0.6578413435888568, 1.331769866878529, -0.0021884051346857114, 0.7603994889892387, 0.6494519443560633, 1.3248450817334532, 0.0, 0.0, 0.0, 1.0], "fov": 75.0, "aspect": 1.7777777777777777, "render_time": 0.0}, {"camera_to_world": [-0.8379185135401083, 0.3538252784716586, -0.4155721802300886, -0.6962865491167773, -0.545789915468184, -0.5465938632937591, 0.6350972498624414, 1.277302694033059, -0.002435742180211503, 0.7589748486768564, 0.6511153862688046, 1.3314649445851792, 0.0, 0.0, 0.0, 1.0], "fov": 75.0, "aspect": 1.7777777777777777, "render_time": 0.0}, {"camera_to_world": [-0.8025783427143995, 0.387977094628728, -0.453146530218714, -0.7025075706839687, -0.5965426710343508, -0.5247736202351133, 0.6072474694393845, 1.2111729334857553, -0.002201236246114874, 0.7576849091467935, 0.6526168347585006, 1.3379266074176228, 0.0, 0.0, 0.0, 1.0], "fov": 75.0, "aspect": 1.7777777777777777, "render_time": 0.0}, {"camera_to_world": [-0.7593892756320564, 0.4246290383183682, -0.49296866824559915, -0.706733153753791, -0.6506347262053107, -0.49740055193341115, 0.5738180408388004, 1.1343449368878145, -0.0015430848201295755, 0.756493800868954, 0.6539990429167931, 1.3442043350430528, 0.0, 0.0, 0.0, 1.0], "fov": 75.0, "aspect": 1.7777777777777777, "render_time": 0.0}, {"camera_to_world": [-0.7078436582953527, 0.4626104843605571, -0.5338060463976992, -0.70905203783048, -0.7063689444542546, -0.46413166371797765, 0.5344386896969233, 1.047783055890435, -0.0005193473155649664, 0.7553630507868867, 0.6553063343080799, 1.3502723922737394, 0.0, 0.0, 0.0, 1.0], "fov": 75.0, "aspect": 1.7777777777777777, "render_time": 0.0}, {"camera_to_world": [-0.64763860175902, 0.5006769269566347, -0.5743577772824904, -0.7095529624182717, -0.7619472325055692, -0.424762517368913, 0.4888897817663286, 0.9524516421448131, 0.0008101782063411611, 0.7542542135458609, 0.6565820017024446, 1.3561050439219517, 0.0, 0.0, 0.0, 1.0], "fov": 75.0, "aspect": 1.7777777777777777, "render_time": 0.0}, {"camera_to_world": [-0.5787306731195835, 0.537541283364185, -0.6132863741106092, -0.7083246670214021, -0.8155152545792597, -0.37926586513350546, 0.4371410219746693, 0.8493150473021464, 0.0023827587117440374, 0.7531313114083878, 0.6578659059696007, 1.3616765547999592, 0.0, 0.0, 0.0, 1.0], "fov": 75.0, "aspect": 1.7777777777777777, "render_time": 0.0}, {"camera_to_world": [-0.5013758610413529, 0.5719138859698498, -0.6492586179635255, -0.705455891144107, -0.8652197235916006, -0.3278201768776374, 0.37937944269555274, 0.739337623013633, 0.004132296348955955, 0.7519630567167377, 0.6591922977857861, 1.3669611897200311, 0.0, 0.0, 0.0, 1.0], "fov": 75.0, "aspect": 1.7777777777777777, "render_time": 0.0}, {"camera_to_world": [-0.4161516986982585, 0.602549280276568, -0.6809934863923031, -0.7010353742906228, -0.9092754738538298, -0.270825848761614, 0.3160244805239689, 0.6234837209304696, 0.005989684336167589, 0.7507247994310173, 0.6605879193573039, 1.3719332134944378, 0.0, 0.0, 0.0, 1.0], "fov": 75.0, "aspect": 1.7777777777777777, "render_time": 0.0}, {"camera_to_world": [-0.3239592369211849, 0.6282970104231439, -0.7073141307133515, -0.695151855965185, -0.9460381899807585, -0.20890744685152096, 0.24772852429203607, 0.5027176927038525, 0.00788390203989442, 0.7494001236611316, 0.6620704635802039, 1.3765668909354478, 0.0, 0.0, 0.0, 1.0], "fov": 75.0, "aspect": 1.7777777777777777, "render_time": 0.0}, {"camera_to_world": [-0.226003777352625, 0.6481528825586044, -0.727200201769304, -0.6878940756720299, -0.9740776930730212, -0.142901185478861, 0.17536219389103475, 0.37800388998498063, 0.009743740548974367, 0.7479820131658967, 0.6636474723077053, 1.3808364868553311, 0.0, 0.0, 0.0, 1.0], "fov": 75.0, "aspect": 1.7777777777777777, "render_time": 0.0}, {"camera_to_world": [-0.12375479143601298, 0.661306835600977, -0.7398364824635584, -0.6793507729153934, -0.9922461900627377, -0.07382789469719164, 0.09998470018238692, 0.2503066644250511, 0.011499995765666515, 0.7464735167117469, 0.6653157437979256, 1.384716266066357, 0.0, 0.0, 0.0, 1.0], "fov": 75.0, "aspect": 1.7777777777777777, "render_time": 0.0}, {"camera_to_world": [-0.018887106201230686, 0.6671835763658559, -0.7446538475338791, -0.6696106871995113, -0.9997359568670424, -0.002852884199675332, 0.02280082452198351, 0.12059036767526017, 0.013087924452810318, 0.7448878683932296, 0.6670612938509536, 1.388180493380795, 0.0, 0.0, 0.0, 1.0], "fov": 75.0, "aspect": 1.7777777777777777, "render_time": 0.0}, {"camera_to_world": [0.08679295933447762, 0.6654725683286591, -0.7413590513455819, -0.6587625580286198, -0.996121572596711, 0.06876476950172539, -0.054892796274460975, -0.0101806486131931, 0.014449734164289019, 0.7432480523199722, 0.6688598791265247, 1.3912034336109147, 0.0, 0.0, 0.0, 1.0], "fov": 75.0, "aspect": 1.7777777777777777, "render_time": 0.0}, {"camera_to_world": [0.19143146913053832, 0.6561447686514107, -0.7299507073754439, -0.6468951249069546, -0.9813830028018958, 0.13973003611487067, -0.1317684287637652, -0.1410420327891128, 0.015536873496885761, 0.7415858410047513, 0.6706780494270091, 1.3937593515689857, 0.0, 0.0, 0.0, 1.0], "fov": 75.0, "aspect": 1.7777777777777777, "render_time": 0.0}, {"camera_to_world": [0.2932147855042142, 0.6394546070001653, -0.7107199836419276, -0.6340971273387519, -0.955907428207211, 0.2087727085556801, -0.2065307358738669, -0.2710294332013026, 0.01631190546789535, 0.7399403771579094, 0.6724746537910684, 1.3958225120672771, 0.0, 0.0, 0.0, 1.0], "fov": 75.0, "aspect": 1.7777777777777777, "render_time": 0.0}, {"camera_to_world": [0.39045516487248, 0.6159269731761654, -0.6842358715665612, -0.6204573048282478, -0.9204695589822722, 0.27470672388613393, -0.2779784287291525, -0.3991784981985619, 0.016749782428010174, 0.7383564041611574, 0.6742026885312902, 1.3973671799180587, 0.0, 0.0, 0.0, 1.0], "fov": 75.0, "aspect": 1.7777777777777777, "render_time": 0.0}, {"camera_to_world": [0.48166788176619935, 0.5863302856492049, -0.6513162425468786, -0.6060643968796778, -0.8761920567072398, 0.3364837388364079, -0.3450596662344196, -0.5245248761296958, 0.01683839178780777, 0.7368822766420655, 0.6758113486268239, 1.3983676199336, 0.0, 0.0, 0.0, 1.0], "fov": 75.0, "aspect": 1.7777777777777777, "render_time": 0.0}, {"camera_to_world": [0.5656345094093661, 0.5516379021086903, -0.6129871342225289, -0.5910071429972785, -0.8244893945126281, 0.3932372000199076, -0.40691736612818946, -0.6461042153435065, 0.016578302127346234, 0.7355678958992338, 0.6772481306145838, 1.3987980969261702, 0.0, 0.0, 0.0, 1.0], "fov": 75.0, "aspect": 1.7777777777777777, "render_time": 0.0}, {"camera_to_world": [0.6414482389461156, 0.5129810743604052, -0.570433671955795, -0.5753742826852852, -0.7669998317808687, 0.4443140101358624, -0.46292150354580386, -0.7629521641887976, 0.015981702069743642, 0.7344627136519819, 0.6784608370819356, 1.398632875708039, 0.0, 0.0, 0.0, 1.0], "fov": 75.0, "aspect": 1.7777777777777777, "render_time": 0.0}, {"camera_to_world": [0.7085386883948364, 0.4715972450390763, -0.5249466311152767, -0.5592545554479345, -0.705511023717137, 0.4892919759358031, -0.5126866076839094, -0.8741043710143698, 0.015070582647075392, 0.7336139316809562, 0.6793993500013721, 1.3978462210914762, 0.0, 0.0, 0.0, 1.0], "fov": 75.0, "aspect": 1.7777777777777777, "render_time": 0.0}, {"camera_to_world": [0.7666753431510833, 0.42877767987198884, -0.47786883079749276, -0.5427367007894619, -0.6418850544035094, 0.5279823982814418, -0.5560738836147411, -0.978596484169026, 0.013874261694673706, 0.7330649959918772, 0.6800170707517985, 1.3964123978887506, 0.0, 0.0, 0.0, 1.0], "fov": 75.0, "aspect": 1.7777777777777777, "render_time": 0.0}, {"camera_to_world": [0.8159503820737869, 0.38581822353186235, -0.43054531977988003, -0.5259094582141038, -0.577988372746352, 0.560418290893954, -0.5931785399030579, -1.07546415200157, 0.012426381760809513, 0.7328544450450017, 0.6802719657711298, 1.3943056709121322, 0.0, 0.0, 0.0, 1.0], "fov": 75.0, "aspect": 1.7777777777777777, "render_time": 0.0}, {"camera_to_world": [0.8567429978625478, 0.3439764022983526, -0.3842807180634702, -0.5088615672260957, -0.5156312879411097, 0.5868296684517995, -0.6243038644129505, -1.1637430228608054, 0.010761529151880445, 0.7330151259603265, 0.6801272047225285, 1.39150030497389, 0.0, 0.0, 0.0, 1.0], "fov": 75.0, "aspect": 1.7777777777777777, "render_time": 0.0}, {"camera_to_world": [0.8896682831053543, 0.30443725080040007, -0.34030619500894405, -0.4916817673296737, -0.4565204585058792, 0.6076080333049134, -0.6499242639176638, -1.242468745095533, 0.008911621735295583, 0.7335737442060134, 0.6795514291130712, 1.3879705648862943, 0.0, 0.0, 0.0, 1.0], "fov": 75.0, "aspect": 1.7777777777777777, "render_time": 0.0}, {"camera_to_world": [0.9155142495105884, 0.268289210726006, -0.2997574992407715, -0.4744587980290741, -0.40222632754926535, 0.6232625615801, -0.6706398144748367, -1.3106769670545553, 0.006902200322759122, 0.7345506645158175, 0.6785187402644643, 1.383690715461614, 0.0, 0.0, 0.0, 1.0], "fov": 75.0, "aspect": 1.7777777777777777, "render_time": 0.0}, {"camera_to_world": [0.9351705690617886, 0.23651033679190636, -0.2636643080722709, -0.4572813988285326, -0.35416585979230986, 0.6343705383014527, -0.6871248532055139, -1.3674033370866767, 0.004748738592961321, 0.7359598363536588, 0.6770085440790771, 1.3786350215121186, 0.0, 0.0, 0.0, 1.0], "fov": 75.0, "aspect": 1.7777777777777777, "render_time": 0.0}, {"camera_to_world": [0.9495522277717128, 0.20996393647242204, -0.23295002063700726, -0.4402383092322856, -0.31359934501572256, 0.6415243565230856, -0.7000728182077567, -1.4116835035406974, 0.002453067362952685, 0.7378086780247612, 0.6750054348609847, 1.3727777478500776, 0.0, 0.0, 0.0, 1.0], "fov": 75.0, "aspect": 1.7777777777777777, "render_time": 0.0}, {"camera_to_world": [0.9595205768180259, 0.18940172712229533, -0.2084400355639346, -0.4234182687445678, -0.28163853192133126, 0.6452769556030719, -0.7101389919620162, -1.4425531147654231, 8.326672684688674e-17, 0.740097720798222, 0.672499341017727, 1.3660931592877605, 0.0, 0.0, 0.0, 1.0], "fov": 75.0, "aspect": 1.7777777777777777, "render_time": 0.0}, {"camera_to_world": [0.9673598147555468, 0.1716218610807945, -0.18644282124897926, -0.4027111908279572, -0.25338926780684523, 0.6464613063181086, -0.7196399505265083, -1.4654736633537255, -0.0029778778392015454, 0.7433933791961354, 0.6688478272454249, 1.3567799197047237, 0.0, 0.0, 0.0, 1.0], "fov": 75.0, "aspect": 1.7777777777777777, "render_time": 0.0}, {"camera_to_world": [0.974714172265846, 0.15308446933591746, -0.1627803048045038, -0.37431036852103744, -0.2233545439321814, 0.6455784906264679, -0.7303021019723952, -1.4865697036647163, -0.006710446255941249, 0.748193529568782, 0.6634466159552358, 1.343251750155161, 0.0, 0.0, 0.0, 1.0], "fov": 75.0, "aspect": 1.7777777777777777, "render_time": 0.0}, {"camera_to_world": [0.9814023707722759, 0.13396054639022673, -0.13749166757803286, -0.3387596106920545, -0.19164535386744366, 0.6426232924305647, -0.7418270434317714, -1.5058714766965524, -0.01102020796440234, 0.7543804584137456, 0.6563449390220729, 1.3258055012132997, 0.0, 0.0, 0.0, 1.0], "fov": 75.0, "aspect": 1.7777777777777777, "render_time": 0.0}, {"camera_to_world": [0.9872524514871732, 0.11442690327933434, -0.11063037936511182, -0.2966027262092564, -0.15838292786014319, 0.6375967535487828, -0.7539132761972704, -1.5234092234473908, -0.01573039080936557, 0.7618246935286064, 0.6475922259686491, 1.3047380234533663, 0.0, 0.0, 0.0, 1.0], "fov": 75.0, "aspect": 1.7777777777777777, "render_time": 0.0}, {"camera_to_world": [0.9921043140160803, 0.09466401865871327, -0.08226635814271356, -0.24838352394088864, -0.12370078086347452, 0.6305100627493443, -0.766260515481246, -1.5392131849153892, -0.02066753310022953, 0.7703867758101776, 0.6372417663119313, 1.2803461674495877, 0.0, 0.0, 0.0, 1.0], "fov": 75.0, "aspect": 1.7777777777777777, "render_time": 0.0}, {"camera_to_world": [0.9958122292255391, 0.07485365494076414, -0.05248746961772152, -0.1946458127551995, -0.08774600677251355, 0.6213880156701608, -0.7785740634499572, -1.553313602098704, -0.02566402969800788, 0.7799191396058369, 0.6253538944119168, 1.2529267837761917, 0.0, 0.0, 0.0, 1.0], "fov": 75.0, "aspect": 1.7777777777777777, "render_time": 0.0}, {"camera_to_world": [0.9982472662762069, 0.05517626851412605, -0.021400344972380806, -0.13593340152043507, -0.050679812051828005, 0.6102719670790069, -0.7905692144574761, -1.5657407159954932, -0.030560628633443238, 0.7902681225953483, 0.611998645739639, 1.2227767230074043, 0.0, 0.0, 0.0, 1.0], "fov": 75.0, "aspect": 1.7777777777777777, "render_time": 0.0}, {"camera_to_world": [0.9992995660523964, 0.03580826006469331, 0.01086948934547201, -0.07279009910484228, -0.012677302186866066, 0.597222209396521, -0.8019756346752691, -1.576524767603914, -0.03520885253391425, 0.8012761079145423, 0.5972578468204229, 1.190192835717453, 0.0, 0.0, 0.0, 1.0], "fov": 75.0, "aspect": 1.7777777777777777, "render_time": 0.0}, {"camera_to_world": [0.9988803899856159, 0.01691912546032818, 0.04417815858364326, -0.005759714376667091, 0.026073444877894557, 0.5823197262863796, -0.8125416369946561, -1.5856959979221232, -0.03947330711231644, 0.8127837840234104, 0.5812266154041839, 1.1554719724805635, 0.0, 0.0, 0.0, 1.0], "fov": 75.0, "aspect": 1.7777777777777777, "render_time": 0.0}, {"camera_to_world": [0.9969238744910867, -0.0013314209937997576, 0.07836463352697673, 0.0646139437958421, 0.06537296348181743, 0.5656672873709181, -0.8220382568007599, -1.5932846479482785, -0.04323383068020993, 0.8246324922755376, 0.5640142627346851, 1.1189109838709648, 0.0, 0.0, 0.0, 1.0], "fov": 75.0, "aspect": 1.7777777777777777, "render_time": 0.0}, {"camera_to_world": [0.9933884267563302, -0.01879627132823377, 0.11325252213853182, 0.1377870665444391, 0.10501256845841439, 0.5473898694318816, -0.8302630253775695, -1.5993209586805366, -0.04638743420744517, 0.8366666188079354, 0.545744605946909, 1.0808067204628822, 0.0, 0.0, 0.0, 1.0], "fov": 75.0, "aspect": 1.7777777777777777, "render_time": 0.0}, {"camera_to_world": [0.9882577070974801, -0.035343613181657775, 0.1486523910661939, 0.21321584500087704, 0.14477701383767366, 0.5276344102321537, -0.8370433354392193, -1.6038351711170553, -0.048849980825762335, 0.8487359767007834, 0.5265557152164337, 1.0414560328305433, 0.0, 0.0, 0.0, 1.0], "fov": 75.0, "aspect": 1.7777777777777777, "render_time": 0.0}, {"camera_to_world": [0.9815411560046007, -0.05085940012707289, 0.18436453153431226, 0.2903564702969105, 0.1844475332793174, 0.5065689225732812, -0.8422392974387504, -1.6068575262559914, -0.05055755666888212, 0.8606981167062345, 0.5065991367560879, 1.001155771548174, 0.0, 0.0, 0.0, 1.0], "fov": 75.0, "aspect": 1.7777777777777777, "render_time": 0.0}, {"camera_to_world": [0.973274039633998, -0.06524952365229575, 0.22018206883774055, 0.3686651335642901, 0.22380514096873588, 0.484381017474465, -0.8457459954302866, -1.6084182650955026, -0.05146749120059459, 0.8724205004317303, 0.48603864843854355, 0.9602027871900027, 0.0, 0.0, 0.0, 1.0], "fov": 75.0, "aspect": 1.7777777777777777, "render_time": 0.0}, {"camera_to_world": [0.9635170050330302, -0.07844161515244237, 0.255894302446256, 0.4475980259347705, 0.26263406315515836, 0.46127590543904373, -0.8474950666121914, -1.6085476286337457, -0.05155899419880225, 0.8837824687521623, 0.4650486190104658, 0.9188939303302558, 0.0, 0.0, 0.0, 1.0], "fov": 75.0, "aspect": 1.7777777777777777, "render_time": 0.0}, {"camera_to_world": [0.952355154858846, -0.09038641730738264, 0.29129015530930524, 0.5266113385401057, 0.3007251664041237, 0.4374739626817304, -0.8474555482541585, -1.6072758578688777, -0.050833387699381366, 0.8946769403208511, 0.4438120538619076, 0.8775260515431593, 0.0, 0.0, 0.0, 1.0], "fov": 75.0, "aspect": 1.7777777777777777, "render_time": 0.0}, {"camera_to_world": [0.9398966697813269, -0.10105867785530333, 0.32616160682108103, 0.6051612625120457, 0.3378792492318608, 0.41320796401004206, -0.845633958292351, -1.6046331937990561, -0.04931392371821097, 0.9050117800939464, 0.42251841950227526, 0.8363960014029423, 0.0, 0.0, 0.0, 1.0], "fov": 75.0, "aspect": 1.7777777777777777, "render_time": 0.0}, {"camera_to_world": [0.9262710241480879, -0.11045753424739807, 0.36030698432258745, 0.6827039889823479, 0.3739100690885193, 0.3887200950035929, -0.842073600093612, -1.6006498774224387, -0.047045191655164326, 0.9147107853679122, 0.4013613447677121, 0.7958006304838291, 0.0, 0.0, 0.0, 1.0], "fov": 75.0, "aspect": 1.7777777777777777, "render_time": 0.0}, {"camera_to_world": [0.9116268558978163, -0.11860637408183547, 0.3935339929828449, 0.7586957090827613, 0.40864698639791097, 0.3642588626143535, -0.8368531062945295, -1.5953561497371822, -0.04409213210730106, 0.9237142464171793, 0.380536298994163, 0.7560367893600484, 0.0, 0.0, 0.0, 1.0], "fov": 75.0, "aspect": 1.7777777777777777, "render_time": 0.0}, {"camera_to_world": [0.8961295643069762, -0.12555217261230142, 0.4256623731636613, 0.832592613945043, 0.44193712103380844, 0.34007602493587047, -0.8300842597689504, -1.5887822517414434, -0.040538685565001426, 0.9319790497731955, 0.36023834576085023, 0.7174013286058261, 0.0, 0.0, 0.0, 1.0], "fov": 75.0, "aspect": 1.7777777777777777, "render_time": 0.0}, {"camera_to_world": [0.8799587182642306, -0.131364324048115, 0.4565260874453445, 0.9038508947009447, 0.4736469334939725, 0.3164236575113168, -0.8219091503073301, -1.5809584244333805, -0.0364861143797042, 0.9394783038125696, 0.3406600653480364, 0.6801910987953892, 0.0, 0.0, 0.0, 1.0], "fov": 75.0, "aspect": 1.7777777777777777, "render_time": 0.0}, {"camera_to_world": [0.863305362888791, -0.13613299690090785, 0.48597495569445776, 0.971926742482218, 0.503663162239981, 0.29355146525326853, -0.8124967423012115, -1.57191490881115, -0.032051043818811686, 0.9462004779128133, 0.32198972994132613, 0.6447029505029659, 0.0, 0.0, 0.0, 1.0], "fov": 75.0, "aspect": 1.7777777777777777, "render_time": 0.0}, {"camera_to_world": [0.8463693131447583, -0.13996705448098928, 0.5138756750681881, 1.0362763484206172, 0.5318930692240007, 0.27170443612923445, -0.802038940637652, -1.5616819458729096, -0.02736327243482664, 0.952148057314413, 0.3044098031832203, 0.6112337343027818, 0.0, 0.0, 0.0, 1.0], "fov": 75.0, "aspect": 1.7777777777777777, "render_time": 0.0}, {"camera_to_world": [0.8293565195555748, -0.14299158914534704, 0.5401121817774078, 1.096355903647896, 0.5582639665211427, 0.25112091569748635, -0.7907462484155939, -1.5502897766168158, -0.022563402995642634, 0.9573357254030291, 0.28809582036591924, 0.5800803007690641, 0.0, 0.0, 0.0, 1.0], "fov": 75.0, "aspect": 1.7777777777777777, "render_time": 0.0}, {"camera_to_world": [0.8124765832808171, -0.14534512257031576, 0.5645853318722949, 1.1516215992958059, 0.5827220172795075, 0.23203116095206947, -0.7788431105973374, -1.5377686420410268, -0.01780034263802205, 0.9617880929249721, 0.2732156878909304, 0.5515395004760404, 0.0, 0.0, 0.0, 1.0], "fov": 75.0, "aspect": 1.7777777777777777, "render_time": 0.0}, {"camera_to_world": [0.7959404859317613, -0.14717652389170105, 0.5872118984403054, 1.2015296264961026, 0.6052303230695832, 0.2146564084105888, -0.7665630322193699, -1.524148783143699, -0.013228714669230701, 0.9655369993653389, 0.259929421121923, 0.5259081839979366, 0.0, 0.0, 0.0, 1.0], "fov": 75.0, "aspect": 1.7777777777777777, "render_time": 0.0}, {"camera_to_world": [0.7799585839446557, -0.14864169296743673, 0.6079229017258865, 1.2455361763805375, 0.6257663265376763, 0.1992084656068688, -0.754143548538406, -1.5094604409229906, -0.009006214664870171, 0.9686184152401456, 0.24838931892309507, 0.5034832019089801, 0.0, 0.0, 0.0, 1.0], "fov": 75.0, "aspect": 1.7777777777777777, "render_time": 0.0}, {"camera_to_world": [0.7647388985505208, -0.1499000474372501, 0.6266613063067215, 1.2830974400808643, 0.6443185726786591, 0.18588980771968489, -0.7418211080087128, -1.4937338563770575, -0.005290930454263654, 0.9710689754926006, 0.2387405514165521, 0.484561404783398, 0.0, 0.0, 0.0, 1.0], "fov": 75.0, "aspect": 1.7777777777777777, "render_time": 0.0}, {"camera_to_world": [0.7504857108562062, -0.15111084006175318, 0.6433791353599262, 1.3136696087288358, 0.6608828839801957, 0.17489413244230104, -0.7298259080762166, -1.476999270504058, -0.00223862964202326, 0.9729221738932083, 0.23112211509122124, 0.469439643195417, 0.0, 0.0, 0.0, 1.0], "fov": 75.0, "aspect": 1.7777777777777777, "render_time": 0.0}, {"camera_to_world": [0.7373984477467781, -0.15242931761157635, 0.6580340662861699, 1.336708873456205, 0.6754580144321645, 0.16640729667315954, -0.7183766994782673, -1.4592869243021487, 6.106226635438361e-16, 0.9742042469351077, 0.2256680864756906, 0.4584147677192639, 0.0, 0.0, 0.0, 1.0], "fov": 75.0, "aspect": 1.7777777777777777, "render_time": 0.0}, {"camera_to_world": [0.7232452415882791, -0.15398351042961927, 0.6732053171475127, 1.3563037958152115, 0.6905895501914756, 0.15908013971176438, -0.7055349617953888, -1.4358044181812162, 0.0015471542415524397, 0.9751833610480938, 0.22139335728222742, 0.44958425976424643, 0.0, 0.0, 0.0, 1.0], "fov": 75.0, "aspect": 1.7777777777777777, "render_time": 0.0}, {"camera_to_world": [0.7056765186153905, -0.15574574211410797, 0.6912046837863501, 1.3768296253311887, 0.7085291586889723, 0.1514523412976552, -0.6892377090691975, -1.402215557728772, 0.0026612708166617316, 0.9761175401194184, 0.21722676057257778, 0.44085788091540457, 0.0, 0.0, 0.0, 1.0], "fov": 75.0, "aspect": 1.7777777777777777, "render_time": 0.0}, {"camera_to_world": [0.6847048800869562, -0.15763398147440866, 0.7115692201533401, 1.398172585095532, 0.7288125112285143, 0.14353796483983192, -0.669499198002825, -1.3592348917094126, 0.0033986264716320824, 0.9770099183397091, 0.21316676289689573, 0.432250902010564, 0.0, 0.0, 0.0, 1.0], "fov": 75.0, "aspect": 1.7777777777777777, "render_time": 0.0}, {"camera_to_world": [0.6603456377568799, -0.15956911497527587, 0.733812875494473, 1.4202188981996366, 0.7509521348017554, 0.1353526130948039, -0.6463362602895608, -1.3075769688877341, 0.0038118148100457216, 0.9778636754038958, 0.20920827515525858, 0.4237785938875508, 0.0, 0.0, 0.0, 1.0], "fov": 75.0, "aspect": 1.7777777777777777, "render_time": 0.0}, {"camera_to_world": [0.6326292259332831, -0.1614758307224856, 0.7574337057376956, 1.4428547877348974, 0.7744447430592593, 0.12691485663281105, -0.6197805733594359, -1.247956338028335, 0.003949992776314859, 0.9786818559973187, 0.20534415574520465, 0.415456227384191, 0.0, 0.0, 0.0, 1.0], "fov": 75.0, "aspect": 1.7777777777777777, "render_time": 0.0}, {"camera_to_world": [0.6016120336923031, -0.16328354077486512, 0.7819216368848185, 1.4659664767927107, 0.7987791110161786, 0.11824729903479747, -0.5898894032572363, -1.1810875478958083, 0.0038591088109163896, 0.9794672335422957, 0.2015664795946672, 0.40729907333831017, 0.0, 0.0, 0.0, 1.0], "fov": 75.0, "aspect": 1.7777777777777777, "render_time": 0.0}, {"camera_to_world": [0.5673854134093905, -0.16492733686256428, 0.8067668598831247, 1.489440188464471, 0.8234445708870151, 0.10937727921371876, -0.556754568430744, -1.1076851472547542, 0.0035820841635371137, 0.9802222117189687, 0.19786759291460249, 0.39932240258773444, 0.0, 0.0, 0.0, 1.0], "fov": 75.0, "aspect": 1.7777777777777777, "render_time": 0.0}, {"camera_to_world": [0.5300826624940024, -0.16634895939962163, 0.8314688175932592, 1.5131621458415747, 0.8479400875487948, 0.1003372174345406, -0.5205094146365037, -1.0284636848697648, 0.0031589319415933903, 0.9809487583478338, 0.19424097056190706, 0.39154148597028926, 0.0, 0.0, 0.0, 1.0], "fov": 75.0, "aspect": 1.7777777777777777, "render_time": 0.0}, {"camera_to_world": [0.48988382645101347, -0.16749774833735875, 0.855545639275678, 1.5370185720154166, 0.8717837670289974, 0.09116461896345474, -0.4813336429068506, -0.9441377095054385, 0.0026268091755029532, 0.9816483670597957, 0.19068189038918318, 0.3839715943238008, 0.0, 0.0, 0.0, 1.0], "fov": 75.0, "aspect": 1.7777777777777777, "render_time": 0.0}, {"camera_to_world": [0.44701823439494637, -0.16833153701329284, 0.8785437904653173, 1.5608956900773912, 0.8945225641062314, 0.08190175768813068, -0.43945589584440414, -0.8554217699263745, 0.0020200057519397796, 0.9823220427814583, 0.18718793722466465, 0.3766279984860952, 0.0, 0.0, 0.0, 1.0], "fov": 75.0, "aspect": 1.7777777777777777, "render_time": 0.0}, {"camera_to_world": [0.40176475207218465, -0.16881744671669596, 0.9000476396704962, 1.5846797231188954, 0.9157418890818879, 0.07259507113617902, -0.39515408162825333, -0.7630304148971642, 0.0013698806923329587, 0.9829703074512417, 0.18375934832301774, 0.3695259692949977, 0.0, 0.0, 0.0, 1.0], "fov": 75.0, "aspect": 1.7777777777777777, "render_time": 0.0}, {"camera_to_world": [0.3544498196485552, -0.16893254009740344, 0.9196886006944666, 1.608256894231324, 0.9350747716963205, 0.06329430751337078, -0.34875349743547673, -0.6676781931824063, 0.0007047610807310312, 0.9835932225938944, 0.18039921224655348, 0.36268077758833456, 0.0, 0.0, 0.0, 1.0], "fov": 75.0, "aspect": 1.7777777777777777, "render_time": 0.0}, {"camera_to_world": [0.3054434279073955, -0.16866429551315187, 0.9371534921064062, 1.6315134265060718, 0.9522102235672218, 0.05405147401811056, -0.30062290047588025, -0.5700796535466996, 4.982209431370066e-05, 0.9841904254642604, 0.1771135340459255, 0.35610769420393174, 0.0, 0.0, 0.0, 1.0], "fov": 75.0, "aspect": 1.7777777777777777, "render_time": 0.0}, {"camera_to_world": [0.25515327202099564, -0.1680108714952201, 0.9521917636885948, 1.654335543034535, 0.9669004495869861, 0.044919643074068094, -0.25116876050692055, -0.4709493447546361, -0.00057303181781726, 0.9847611754763259, 0.17391118109259324, 0.34982198997961483, 0.0, 0.0, 0.0, 1.0], "fov": 75.0, "aspect": 1.7777777777777777, "render_time": 0.0}, {"camera_to_world": [0.2040174012077563, -0.1669811400967363, 0.9646212722392286, 1.6766094669081082, 0.9789665920622204, 0.03595167862422205, -0.20082800708612225, -0.3710018155708152, -0.0011452643870371038, 0.9853044076102041, 0.1708037257011361, 0.3438389357532099, 0.0, 0.0, 0.0, 1.0], "fov": 75.0, "aspect": 1.7777777777777777, "render_time": 0.0}, {"camera_to_world": [0.152495749973404